  -8.3050389315170708E-003
 -0.31619131352190066     
  0.74440216653131774     
  -1.2372106961267628     
   1.6401919147099562     
  -1.7811493450804332     
   1.6031487735395380     
  -1.2067277308003101     
  0.76345618996777920     
 -0.39114948970365526     
   9.4018206497636592E-002
  0.20953263107322007     
 -0.60478830701253261     
   1.0901841701157204     
  -1.5401630612231427     
   1.7730109653354587     
  -1.6866001177223442     
   1.3383285179126188     
 -0.89229722932786448     
  0.49293476672178949     
 -0.17918968837704688     
 -0.11176648454077480     
  0.47424170053193049     
 -0.94043103880197920     
   1.4199915350029912     
  -1.7349069617093351     
   1.7456815388782332     
  -1.4613149329728752     
   1.0261498606647053     
 -0.60318008826830571     
  0.26664942672689984     
   2.0886800346021729E-002
 -0.35396044691780254     
  0.79258082427514120     
  -1.2847255858125994     
   1.6682835658796571     
  -1.7771679533626898     
   1.5706193444075012     
  -1.1617957006609674     
  0.72203933014288357     
 -0.35894134059614385     
   6.5650846219489856E-002
  0.24401837542767402     
 -0.65041132412553804     
   1.1397439421202398     
  -1.5759760540995664     
   1.7790820007287442     
  -1.6613005422688190     
   1.2951718711583085     
 -0.84866180881446918     
  0.45810124274135411     
 -0.15068101495407138     
 -0.14347764271500157     
  0.51665209680665647     
 -0.99035095531564010     
   1.4619860166840002     
  -1.7508787079296277     
   1.7289178356595887     
  -1.4215882825847403     
  0.98115486569651322     
 -0.56546196948451855     
  0.23707629796567739     
   5.0563728072410136E-002
 -0.39288711879669624     
  0.84139986644678733     
  -1.3311620534078690     
   1.6935119778136700     
  -1.7698887408146116     
   1.5360161379785759     
  -1.1166161914164561     
  0.68149320597894492     
 -0.32750172237012359     
   3.7115300687607357E-002
  0.27955614146146784     
 -0.69697898728500196     
   1.1888179894045883     
  -1.6093732492420627     
   1.7817941994054274     
  -1.6334308374756445     
   1.2512442508548451     
 -0.80568659560628175     
  0.42418571797624682     
 -0.12232545441222595     
 -0.17604166724833761     
  0.56018290328204978     
  -1.0403267820519910     
   1.5021064633252030     
  -1.7635981330575261     
   1.7091836303155699     
  -1.3805294342879715     
  0.93649710972677092     
 -0.52871536525077922     
  0.20795463029338582     
   8.0825320047562779E-002
 -0.43298174744610946     
  0.89073027990922193     
  -1.3763177022882473     
   1.7157550643773116     
  -1.7593685815956697     
   1.4995198640463450     
  -1.0713505802329530     
  0.64186316725913339     
 -0.29676330421678299     
