   1.0101010101010102E-002
   2.0202020202020204E-002
   3.0303030303030304E-002
   4.0404040404040407E-002
   5.0505050505050511E-002
   6.0606060606060615E-002
   7.0707070707070718E-002
   8.0808080808080815E-002
   9.0909090909090912E-002
  0.10101010101010101     
  0.11111111111111110     
  0.12121212121212120     
  0.13131313131313130     
  0.14141414141414141     
  0.15151515151515152     
  0.16161616161616163     
  0.17171717171717174     
  0.18181818181818185     
  0.19191919191919196     
  0.20202020202020207     
  0.21212121212121218     
  0.22222222222222229     
  0.23232323232323240     
  0.24242424242424251     
  0.25252525252525260     
  0.26262626262626271     
  0.27272727272727282     
  0.28282828282828293     
  0.29292929292929304     
  0.30303030303030315     
  0.31313131313131326     
  0.32323232323232337     
  0.33333333333333348     
  0.34343434343434359     
  0.35353535353535370     
  0.36363636363636381     
  0.37373737373737392     
  0.38383838383838403     
  0.39393939393939414     
  0.40404040404040426     
  0.41414141414141437     
  0.42424242424242448     
  0.43434343434343459     
  0.44444444444444470     
  0.45454545454545481     
  0.46464646464646492     
  0.47474747474747503     
  0.48484848484848514     
  0.49494949494949525     
  0.50505050505050531     
  0.51515151515151536     
  0.52525252525252542     
  0.53535353535353547     
  0.54545454545454553     
  0.55555555555555558     
  0.56565656565656564     
  0.57575757575757569     
  0.58585858585858575     
  0.59595959595959580     
  0.60606060606060586     
  0.61616161616161591     
  0.62626262626262597     
  0.63636363636363602     
  0.64646464646464608     
  0.65656565656565613     
  0.66666666666666619     
  0.67676767676767624     
  0.68686868686868630     
  0.69696969696969635     
  0.70707070707070641     
  0.71717171717171646     
  0.72727272727272652     
  0.73737373737373657     
  0.74747474747474663     
  0.75757575757575668     
  0.76767676767676674     
  0.77777777777777679     
  0.78787878787878685     
  0.79797979797979690     
  0.80808080808080696     
  0.81818181818181701     
  0.82828282828282707     
  0.83838383838383712     
  0.84848484848484718     
  0.85858585858585723     
  0.86868686868686729     
  0.87878787878787734     
  0.88888888888888740     
  0.89898989898989745     
  0.90909090909090751     
  0.91919191919191756     
  0.92929292929292762     
  0.93939393939393767     
  0.94949494949494773     
  0.95959595959595778     
  0.96969696969696784     
  0.97979797979797789     
  0.98989898989898795     
  0.99999999999999800     
   1.0101010101010082     
